745.0,9983.0
2185.0,3861.0
4653.0,4244.0
4498.0,8929.0
2246.0,8742.0
7419.0,6789.0
9949.0,7414.0
5755.0,6067.0
5595.0,9055.0
813.0,8594.0
217.0,6268.0
4768.0,3267.0
750.0,475.0
4804.0,5794.0
2105.0,1049.0
590.0,680.0
2668.0,9218.0
1300.0,2616.0
9473.0,8963.0
2555.0,9351.0
7960.0,7839.0
9433.0,7075.0
6565.0,357.0
8993.0,2335.0
8215.0,5384.0
4651.0,1633.0
9189.0,6868.0
5174.0,950.0
816.0,4127.0
3068.0,2677.0
989.0,3913.0
687.0,6684.0
560.0,1538.0
7541.0,5598.0
4377.0,2419.0
8943.0,1750.0
7906.0,8618.0
4404.0,4707.0
8181.0,7160.0
4004.0,3811.0
2180.0,8213.0
2312.0,9762.0
6602.0,1596.0
2427.0,2869.0
542.0,9469.0
7134.0,3357.0
6528.0,1591.0
322.0,840.0
6047.0,7035.0
9351.0,5926.0
2792.0,2893.0
8321.0,6807.0
614.0,6164.0
2890.0,7630.0
3436.0,9758.0
9642.0,3480.0
1226.0,7338.0
6853.0,8880.0
9551.0,4607.0
8965.0,2845.0
183.0,6543.0
4074.0,3751.0
6774.0,1090.0
2289.0,1531.0
2724.0,9850.0
2964.0,3049.0
7990.0,5447.0
490.0,8893.0
7843.0,3397.0
1571.0,6286.0
9336.0,3543.0
1754.0,3320.0
611.0,2449.0
5315.0,4323.0
4057.0,3465.0
597.0,4777.0
6838.0,5632.0
2341.0,6942.0
1296.0,6062.0
3661.0,4091.0
3383.0,2991.0
2925.0,2092.0
9381.0,8305.0
4973.0,1978.0
9936.0,9008.0
1896.0,6080.0
5683.0,6864.0
5878.0,3338.0
597.0,4202.0
5500.0,6465.0
7619.0,1771.0
7332.0,4806.0
6063.0,1446.0
6663.0,1902.0
1857.0,2552.0
4747.0,6083.0
9754.0,5648.0
5105.0,5700.0
1314.0,1724.0
8096.0,8036.0
3689.0,7903.0
1224.0,2355.0
1995.0,3029.0
2457.0,3101.0
2441.0,7773.0
5229.0,8812.0
4261.0,4286.0
6707.0,5970.0
5980.0,9818.0
5440.0,4712.0
5585.0,7253.0
546.0,5087.0
4738.0,3005.0
2220.0,8388.0
4376.0,9376.0
2567.0,7958.0
2704.0,4136.0
6465.0,7860.0
6928.0,4803.0
4537.0,5773.0
6876.0,8932.0
4117.0,8595.0
2081.0,4560.0
9619.0,5361.0
3891.0,6889.0
632.0,2281.0
648.0,8260.0
4703.0,8983.0
7150.0,8555.0
1851.0,3381.0
9190.0,2224.0
9555.0,4956.0
257.0,6356.0
227.0,2722.0
206.0,1418.0
7973.0,4644.0
5100.0,2601.0
7838.0,9872.0
3304.0,5063.0
8656.0,3789.0
5385.0,796.0
150.0,8570.0
4428.0,8314.0
5963.0,8730.0
8945.0,8915.0
6955.0,1965.0
2715.0,4897.0
3273.0,474.0
4657.0,5741.0
9452.0,6916.0
7038.0,8069.0
4140.0,2165.0
2266.0,3920.0
4892.0,9118.0
6822.0,9803.0
8927.0,7934.0
5953.0,5868.0
2756.0,3312.0
4196.0,562.0
7127.0,3655.0
4963.0,1143.0
8891.0,5330.0
7045.0,4568.0
8057.0,2593.0
7105.0,6439.0
6565.0,5234.0
5047.0,7917.0
5130.0,1482.0
3459.0,1816.0
5872.0,3322.0
3253.0,9461.0
1389.0,5007.0
5101.0,9309.0
5448.0,3229.0
281.0,6807.0
6507.0,9231.0
5163.0,2546.0
2931.0,8914.0
703.0,2331.0
7944.0,6944.0
2059.0,8508.0
3112.0,4762.0
3691.0,6591.0
1462.0,468.0
2192.0,5058.0
5233.0,586.0
2481.0,9016.0
8679.0,9907.0
2954.0,390.0
3356.0,5758.0
1750.0,8256.0
1880.0,7363.0
9356.0,3001.0
6279.0,9253.0
2450.0,7080.0
8755.0,109.0
96.0,3354.0
5907.0,4842.0
6187.0,9192.0
2286.0,8256.0
1388.0,832.0
5560.0,3216.0
3711.0,7868.0
3447.0,4882.0
9376.0,2138.0
2136.0,5268.0
4578.0,8777.0
6945.0,9171.0
4446.0,9766.0
8591.0,3324.0
7572.0,1882.0
2674.0,5539.0
3266.0,1674.0
5668.0,9550.0
3938.0,9793.0
8088.0,4274.0
6864.0,5798.0
4334.0,3320.0
8016.0,2471.0
9180.0,1683.0
5575.0,5527.0
2859.0,1782.0
2325.0,649.0
276.0,274.0
4164.0,4795.0
4992.0,390.0
6687.0,2855.0
5327.0,1953.0
2963.0,3892.0
8168.0,2661.0
3451.0,3439.0
5894.0,9775.0
3324.0,9657.0
3200.0,904.0
3382.0,1455.0
3537.0,6226.0
8218.0,6166.0
9405.0,2197.0
9303.0,2811.0
6779.0,8569.0
1304.0,4552.0
1590.0,6350.0
7043.0,550.0
5362.0,4252.0
280.0,3097.0
7869.0,5125.0
5766.0,655.0
6979.0,1875.0
2836.0,1217.0
9737.0,4468.0
2265.0,3256.0
4179.0,5747.0
6039.0,3488.0
8357.0,4007.0
6260.0,1620.0
1646.0,4521.0
2461.0,2329.0
3498.0,577.0
6311.0,3820.0
6532.0,6923.0
8873.0,487.0
4071.0,5033.0
8379.0,4442.0
7065.0,81.0
5829.0,6953.0
1721.0,4099.0
1631.0,6240.0
7095.0,8464.0
8955.0,2439.0
1393.0,1519.0
8544.0,4098.0
6809.0,3940.0
5264.0,3054.0
5348.0,5272.0
8891.0,6201.0
2273.0,9952.0
319.0,3308.0
9553.0,92.0
9661.0,9781.0
9033.0,5327.0
4571.0,2078.0
3895.0,7070.0
5511.0,1334.0
7436.0,5731.0
9673.0,7671.0
176.0,4581.0
6785.0,3687.0
9897.0,3268.0
8117.0,611.0
4314.0,7305.0
4707.0,4791.0
2783.0,7227.0
1983.0,5288.0
1713.0,2593.0
5791.0,5635.0
8125.0,1507.0
9158.0,4101.0
7239.0,5934.0
47.0,7149.0
2844.0,6700.0
7804.0,228.0
3751.0,9794.0
61.0,8497.0
5692.0,7359.0
2431.0,7653.0
5621.0,2560.0
507.0,1624.0
4605.0,7452.0
7375.0,9583.0
6213.0,6879.0
169.0,9453.0
9649.0,9509.0
6001.0,8895.0
734.0,9121.0
1042.0,7611.0
9279.0,5475.0
6471.0,6736.0
8433.0,4240.0
1579.0,2064.0
80.0,9765.0
7365.0,7914.0
572.0,2785.0
3660.0,7546.0
2702.0,7548.0
9011.0,4212.0
3121.0,9325.0
5349.0,4168.0
9185.0,3746.0
8814.0,9261.0
5629.0,4031.0
4008.0,2083.0
9357.0,775.0
1425.0,1093.0
203.0,1699.0
6845.0,6595.0
6509.0,5521.0
7057.0,1027.0
7057.0,4934.0
8459.0,8595.0
5044.0,8570.0
3778.0,1.0
5554.0,796.0
7458.0,7702.0
5289.0,1191.0
2095.0,5991.0
2212.0,2633.0
6715.0,7996.0
3171.0,8088.0
2653.0,8658.0
9601.0,1369.0
4337.0,8727.0
4945.0,6421.0
363.0,9836.0
2578.0,3012.0
4914.0,4877.0
9683.0,4105.0
791.0,1015.0
820.0,1630.0
3120.0,4966.0
4699.0,2909.0
7118.0,1436.0
9077.0,9558.0
4241.0,5974.0
1626.0,4333.0
8490.0,2943.0
9113.0,9091.0
8682.0,7772.0
3325.0,8808.0
3095.0,213.0
9762.0,2426.0
55.0,1942.0
4335.0,1191.0
1759.0,7506.0
4061.0,9100.0
8883.0,2365.0
39.0,8091.0
415.0,5566.0
4889.0,2696.0
6518.0,7462.0
2267.0,5015.0
2232.0,4798.0
3070.0,1066.0
6329.0,6475.0
1512.0,3856.0
2753.0,3368.0
4379.0,6825.0
1732.0,4661.0
8458.0,3716.0
3841.0,1348.0
4394.0,7388.0
3138.0,4795.0
26.0,587.0
4765.0,4537.0
2653.0,6293.0
8385.0,4853.0
7614.0,3884.0
1244.0,4103.0
40.0,74.0
3719.0,4262.0
7752.0,350.0
5768.0,669.0
5861.0,7448.0
4908.0,3604.0
7837.0,8332.0
5013.0,3974.0
3558.0,56.0
548.0,5150.0
2172.0,7939.0
2681.0,1754.0
6483.0,6543.0
2132.0,4112.0
5984.0,5094.0
8575.0,3958.0
7714.0,4201.0
7964.0,2993.0
7627.0,9971.0
7229.0,951.0
320.0,4969.0
463.0,3915.0
1658.0,2859.0
1923.0,6823.0
7049.0,5017.0
8966.0,6320.0
7994.0,2917.0
2393.0,1439.0
867.0,9687.0
2554.0,9909.0
4828.0,7861.0
7066.0,7371.0
308.0,8054.0
18.0,5216.0
5511.0,5083.0
3129.0,335.0
6064.0,3846.0
6493.0,6694.0
2092.0,7199.0
258.0,4270.0
7770.0,2003.0
8865.0,5697.0
714.0,7544.0
6336.0,4690.0
2436.0,2609.0
4495.0,3239.0
6557.0,3621.0
5964.0,6449.0
8447.0,6484.0
352.0,4914.0
8526.0,9009.0
5093.0,4541.0
1613.0,9162.0
2104.0,2865.0
6373.0,6738.0
7603.0,9074.0
2171.0,2538.0
5257.0,2172.0
5465.0,9641.0
2139.0,8050.0
4231.0,5929.0
2900.0,1553.0
6875.0,5689.0
32.0,4085.0
1564.0,807.0
7127.0,765.0
2995.0,8820.0
7623.0,3700.0
6221.0,5972.0
3716.0,9564.0
1380.0,8257.0
8802.0,312.0
8890.0,2410.0
2121.0,5641.0
2000.0,1850.0
6106.0,4569.0
2473.0,9599.0
5362.0,1387.0
5605.0,1416.0
1161.0,8151.0
2790.0,7523.0
6868.0,1883.0
3400.0,614.0
7824.0,9672.0
2891.0,1151.0
3858.0,9005.0
717.0,8340.0
3820.0,3821.0
9897.0,6639.0
9322.0,9006.0
9892.0,3172.0
9206.0,7370.0
5826.0,1002.0
7173.0,3482.0
24.0,6846.0
2479.0,8184.0
6343.0,9539.0
7638.0,6082.0
3833.0,7304.0
7650.0,5858.0
3893.0,7738.0
2471.0,9866.0
4291.0,4285.0
